A,20,400,2,1,1200,845.2,1172.6,2317.8,3,0.09
B,20,50,30,1,300,0.0,1272.8,672.8,6,0.08
C,20,50,2,3,300,5.8,3733.2,650.2,6,0.06
A,20,400,2,1,1200,836.8,1168.4,2305.2,3,0.07
B,20,50,30,1,300,0.0,1228.6,630.6,6,0.08
C,20,50,2,3,300,3.6,3636.3,615.7,6,0.14
A,20,400,2,1,1200,874.0,1187.0,2361.0,3,0.06
B,20,50,30,1,300,0.0,1272.3,672.3,6,0.08
C,20,50,2,3,300,8.0,3783.3,669.1,6,0.11
A,20,400,2,1,1600,408.2,1201.5,2309.7,4,0.05
B,20,50,30,1,300,0.0,1264.5,664.5,6,0.05
C,20,50,2,3,250,32.0,3790.2,645.4,5,0.05
A,20,400,2,1,1600,361.8,1171.2,2233.0,4,0.07
B,20,50,30,1,300,0.0,1215.3,615.3,6,0.09
C,20,50,2,3,250,27.4,3660.6,597.6,5,0.12
A,20,400,2,1,1600,419.0,1209.5,2328.5,4,0.06
B,20,50,30,1,300,15.0,1290.7,706.2,6,0.06
C,20,50,2,3,300,1.0,3885.9,696.3,6,0.07
A,20,400,2,1,1200,812.8,1156.4,2269.2,3,0.07
B,20,50,30,1,300,0.0,1222.2,623.1,6,0.11
C,20,50,2,3,250,11.8,3617.7,567.7,5,0.08
A,20,400,2,1,1200,765.6,1132.8,2198.4,3,0.07
B,20,50,30,1,300,0.0,1187.8,587.8,6,0.08
C,20,50,2,3,250,40.6,3558.9,576.9,5,0.07
A,20,400,2,1,1200,837.4,1168.7,2306.1,3,0.05
B,20,50,30,1,300,0.0,1267.3,667.3,6,0.04
C,20,50,2,3,250,4.8,3599.7,554.7,5,0.06
A,20,400,2,1,1200,824.6,1162.3,2286.9,3,0.08
B,20,50,30,1,300,0.0,1201.9,601.9,6,0.09
C,20,50,2,3,300,0.0,3673.8,624.6,6,0.09
A,20,400,2,1,1600,384.4,1185.2,2269.6,4,0.06
B,20,50,30,1,300,0.0,1249.2,649.2,6,0.05
C,20,50,2,3,300,0.0,3736.8,645.6,6,0.07
A,20,400,2,1,1200,845.0,1172.5,2317.5,3,0.08
B,20,50,30,1,300,0.0,1247.0,647.0,6,0.06
C,20,50,2,3,300,3.2,3711.9,640.5,6,0.06
A,20,400,2,1,1200,812.0,1156.0,2268.0,3,0.06
B,20,50,30,1,300,0.0,1256.0,656.0,6,0.05
C,20,50,2,3,300,13.4,3657.3,632.5,6,0.11
A,20,400,2,1,1600,391.4,1181.2,2272.6,4,0.13
B,20,50,30,1,300,0.0,1235.2,635.2,6,0.08
C,20,50,2,3,250,37.8,3698.1,620.5,5,0.09
A,20,400,2,1,1600,357.2,1169.2,2226.4,4,0.07
B,20,50,30,1,300,0.0,1215.6,615.6,6,0.07
C,20,50,2,3,250,9.8,3702.3,593.9,5,0.11
A,30,400,2,1,2400,572.0,1781.7,3403.7,6,0.22
B,30,50,30,1,400,0.0,1841.4,891.4,8,0.17
C,30,50,2,3,400,3.8,5396.7,855.1,8,0.15
A,30,400,2,1,2400,458.4,1719.5,3227.9,6,0.12
B,30,50,30,1,400,0.0,1783.7,833.7,8,0.19
C,30,50,2,3,400,4.4,5327.1,850.2,8,0.18
A,30,400,2,1,2000,930.6,1715.3,3295.9,5,0.2
B,30,50,30,1,450,0.0,1821.5,921.5,9,0.13
C,30,50,2,3,400,0.0,5481.0,889.8,8,0.17
A,30,400,2,1,2000,898.0,1699.0,3247.0,5,0.15
B,30,50,30,1,450,0.0,1836.2,936.2,9,0.19
C,30,50,2,3,400,11.2,5498.4,898.2,8,0.16
A,30,400,2,1,1200,1810.2,1655.1,3315.3,3,0.22
B,30,50,30,1,450,0.0,1843.0,943.0,9,0.11
C,30,50,2,3,400,6.6,5404.5,858.1,8,0.17
A,30,400,2,1,2000,854.2,1671.3,3175.5,5,0.1
B,30,50,30,1,400,0.0,1840.5,899.6,8,0.22
C,30,50,2,3,400,3.0,5485.2,881.8,8,0.15
A,30,400,2,1,1600,1386.0,1693.0,3329.0,4,0.22
B,30,50,30,1,400,0.0,1841.0,891.0,8,0.14
C,30,50,2,3,400,2.8,5479.5,879.3,8,0.23
A,30,400,2,1,1600,1406.4,1700.7,3357.1,4,0.16
B,30,50,30,1,450,0.0,1814.8,914.8,9,0.19
C,30,50,2,3,400,0.0,5481.9,877.3,8,0.16
A,30,400,2,1,1600,1376.2,1688.1,3314.3,4,0.26
B,30,50,30,1,400,0.0,1832.6,885.1,8,0.17
C,30,50,2,3,400,0.0,5497.8,884.3,8,0.13
A,30,400,2,1,2000,943.2,1720.1,3313.3,5,0.21
B,30,50,30,1,400,0.0,1788.6,838.6,8,0.16
C,30,50,2,3,400,0.0,5358.3,836.1,8,0.18
A,30,400,2,1,1600,1348.0,1674.0,3272.0,4,0.11
B,30,50,30,1,450,0.0,1768.8,868.8,9,0.15
C,30,50,2,3,400,2.6,5198.4,785.4,8,0.16
A,30,400,2,1,2000,895.2,1697.6,3242.8,5,0.19
B,30,50,30,1,400,0.0,1829.1,879.1,8,0.19
C,30,50,2,3,400,16.2,5561.1,919.9,8,0.09
A,30,400,2,1,1600,1314.6,1657.3,3221.9,4,0.21
B,30,50,30,1,400,0.0,1788.0,839.5,8,0.13
C,30,50,2,3,400,10.0,5382.0,854.0,8,0.09
A,30,400,2,1,2000,934.0,1717.0,3301.0,5,0.15
B,30,50,30,1,400,0.0,1795.8,859.9,8,0.2
C,30,50,2,3,400,0.0,5447.7,875.2,8,0.14
A,30,400,2,1,2000,894.8,1696.9,3241.7,5,0.13
B,30,50,30,1,400,0.0,1841.1,893.9,8,0.21
C,30,50,2,3,400,0.0,5379.0,843.0,8,0.17
A,40,400,2,1,2000,1863.4,2181.7,4245.1,5,0.25
B,40,50,30,1,550,18.0,2389.0,1157.0,11,0.25
C,40,50,2,3,500,17.0,7105.5,1085.5,10,0.3
A,40,400,2,1,2000,1876.4,2186.6,4263.0,5,0.2
B,40,50,30,1,550,0.0,2399.3,1149.3,11,0.3
C,40,50,2,3,500,2.6,7202.1,1103.3,10,0.39
A,40,400,2,1,2400,1475.8,2237.9,4313.7,6,0.24
B,40,50,30,1,550,0.0,2419.1,1173.2,11,0.26
C,40,50,2,3,500,14.2,7179.0,1107.2,10,0.38
A,40,400,2,1,2000,1935.0,2217.5,4352.5,5,0.19
B,40,50,30,1,550,0.0,2398.2,1149.4,11,0.25
C,40,50,2,3,500,7.0,7105.5,1075.5,10,0.44
A,40,400,2,1,2400,1477.8,2238.9,4316.7,6,0.29
B,40,50,30,1,550,0.0,2416.9,1166.9,11,0.13
C,40,50,2,3,550,0.0,7217.1,1155.8,11,0.24
A,40,400,2,1,2000,1821.0,2160.5,4181.5,5,0.35
B,40,50,30,1,550,0.0,2351.2,1101.2,11,0.26
C,40,50,2,3,500,19.8,7070.7,1076.7,10,0.3
A,40,400,2,1,2400,1434.0,2217.0,4251.0,6,0.27
B,40,50,30,1,550,0.0,2389.0,1139.3,11,0.22
C,40,50,2,3,550,0.0,7023.9,1093.0,11,0.33
A,40,400,2,1,2400,1372.8,2168.2,4141.0,6,0.17
B,40,50,30,1,500,0.0,2325.4,1025.4,10,0.27
C,40,50,2,3,500,34.6,6983.4,1062.4,10,0.19
A,40,400,2,1,2400,1473.8,2232.4,4306.2,6,0.42
B,40,50,30,1,550,0.0,2438.2,1195.6,11,0.2
C,40,50,2,3,500,56.6,7160.7,1145.2,10,0.36
A,40,400,2,1,2400,1400.6,2200.3,4200.9,6,0.27
B,40,50,30,1,550,0.0,2406.1,1157.0,11,0.32
C,40,50,2,3,500,1.6,7179.0,1094.6,10,0.4
A,40,400,2,1,2000,1837.0,2168.5,4205.5,5,0.27
B,40,50,30,1,550,0.0,2352.9,1102.9,10,0.25
C,40,50,2,3,500,2.6,7030.5,1046.1,11,0.34
A,40,400,2,1,2800,1031.8,2265.1,4296.9,7,0.36
B,40,50,30,1,550,0.0,2381.0,1132.3,10,0.27
C,40,50,2,3,500,23.2,7033.5,1070.0,11,0.4
A,40,400,2,1,2400,1413.6,2206.8,4220.4,6,0.25
B,40,50,30,1,550,0.0,2363.8,1113.8,11,0.34
C,40,50,2,3,500,0.0,7077.3,1059.1,10,0.43
A,40,400,2,1,2800,999.8,2244.6,4244.4,7,0.21
B,40,50,30,1,550,0.0,2343.3,1093.3,10,0.42
C,40,50,2,3,500,26.4,7044.9,1074.7,11,0.22
A,40,400,2,1,2000,1924.2,2212.1,4336.3,5,0.23
B,40,50,30,1,550,0.0,2439.7,1189.7,10,0.18
C,40,50,2,3,500,55.4,7136.4,1134.2,11,0.25
