10,0,0.03,0.0,0.02,0.01,577.3,533.9,533.9
10,1,0.96,0.0,0.95,0.01,577.3,509.28,531.1
10,0,0.02,0.0,0.01,0.01,493.2,493.2,493.2
10,1,7.05,0.0,7.03,0.01,493.2,474.75,491.7
10,0,0.02,0.0,0.01,0.01,515.0,514.8,514.8
10,1,2.86,0.0,2.85,0.01,515.0,488.75,514.8
10,0,0.03,0.0,0.02,0.01,498.5,498.5,498.5
10,1,1.95,0.0,1.93,0.01,498.5,450.76,498.5
10,0,0.04,0.0,0.03,0.01,514.2,482.52,499.5
10,1,6.04,0.0,6.03,0.01,514.2,454.42,495.3
10,0,0.04,0.0,0.03,0.01,505.2,500.73,503.5
10,1,3.51,0.0,3.5,0.01,505.2,453.66,499.1
10,0,0.02,0.0,0.01,0.01,468.1,468.1,468.1
10,1,2.24,0.0,2.23,0.01,468.1,440.2,468.1
10,0,0.03,0.0,0.02,0.01,496.2,496.2,496.2
10,1,18.1,0.0,18.08,0.01,496.2,450.41,478.8
10,0,0.03,0.0,0.02,0.01,506.6,506.6,506.6
10,1,3.24,0.0,3.23,0.01,506.6,475.01,506.6
10,0,0.03,0.0,0.02,0.01,538.9,495.59,538.9
10,1,3.17,0.0,3.16,0.01,538.9,482.05,533.2
20,0,0.11,0.0,0.09,0.02,913.3,821.75,826.7
20,1,271.26,0.0,271.23,0.03,913.3,801.55,809.7
20,0,0.08,0.0,0.06,0.02,897.2,817.8,817.8
20,1,244.05,0.0,244.01,0.03,897.2,794.1,794.1
20,0,0.08,0.0,0.05,0.02,866.2,837.5,837.5
20,1,154.46,0.0,154.43,0.02,866.2,822.1,822.1
20,0,0.05,0.0,0.03,0.02,1000.5,1000.5,1000.5
20,1,203.05,0.0,203.03,0.02,1000.5,883.95,911.4
20,0,0.09,0.0,0.07,0.02,864.4,841.2,841.2
20,1,376.6,0.0,376.57,0.03,864.4,786.05,786.2
20,0,0.08,0.0,0.06,0.02,881.9,796.3,796.3
20,1,245.41,0.0,245.39,0.03,881.9,765.07,776.9
20,0,0.08,0.0,0.06,0.02,985.8,895.22,950.0
20,1,333.37,0.0,333.33,0.03,985.8,838.88,853.8
20,0,0.07,0.0,0.05,0.02,844.7,835.52,844.7
20,1,195.1,0.0,195.08,0.02,844.7,775.9,775.9
20,0,0.05,0.0,0.03,0.02,833.2,829.9,829.9
20,1,657.6,0.0,657.57,0.03,833.2,795.6,795.6
20,0,0.1,0.0,0.08,0.02,1002.2,928.03,934.0
20,1,395.81,0.0,395.79,0.02,1002.2,853.45,857.0
30,0,0.21,0.01,0.18,0.03,1330.2,1253.95,1314.2
30,1,18234.97,0.01,18234.93,0.04,1330.2,1200.72,1264.9
30,0,0.17,0.0,0.13,0.03,1273.9,1244.25,1273.9
30,1,10896.21,0.01,10896.18,0.03,1273.9,1171.85,1237.5
30,0,0.17,0.0,0.14,0.03,1281.1,1231.06,1263.9
30,1,920.57,0.0,920.54,0.03,1281.1,1180.1,1247.3
30,0,0.94,0.02,0.89,0.03,1348.0,1218.95,1283.1
30,1,6804.57,0.02,6804.51,0.04,1348.0,1189.4,1259.4
30,0,0.2,0.01,0.17,0.03,1285.8,1218.7,1269.3
30,1,14199.0,0.01,14198.95,0.05,1285.8,1167.49,1229.1
30,0,0.28,0.01,0.24,0.03,1347.3,1270.12,1327.5
30,1,4949.92,0.01,4949.87,0.05,1347.3,1196.25,1265.5
30,0,0.25,0.0,0.22,0.03,1289.5,1212.31,1265.8
30,1,2543.96,0.0,2543.92,0.04,1289.5,1138.2,1222.4
30,0,0.2,0.01,0.16,0.03,1316.2,1233.48,1295.0
30,1,1310.33,0.01,1310.27,0.05,1316.2,1157.02,1240.2
30,0,0.21,0.01,0.17,0.04,1364.1,1327.4,1327.4
30,1,5721.68,0.01,5721.63,0.04,1364.1,1221.93,1288.1
30,0,0.24,0.01,0.2,0.03,1229.0,1194.77,1210.4
30,1,8835.45,0.01,8835.41,0.04,1229.0,1120.64,1188.2
40,0,0.18,0.01,0.14,0.04,1723.2,1651.25,1723.2
40,0,0.29,0.01,0.24,0.04,1580.4,1579.5,1579.5
40,0,0.34,0.01,0.29,0.04,1750.1,1604.85,1714.4
40,0,0.45,0.01,0.4,0.04,1693.3,1578.16,1685.6
40,0,0.3,0.01,0.26,0.03,1573.1,1573.1,1573.1
40,0,0.39,0.01,0.34,0.04,1624.6,1525.9,1595.0
40,0,0.41,0.01,0.36,0.03,1582.0,1561.1,1561.1
40,0,0.35,0.01,0.3,0.03,1629.9,1548.38,1589.8
40,0,0.24,0.01,0.19,0.04,1691.9,1625.45,1688.5
40,0,0.35,0.01,0.31,0.04,1626.3,1571.53,1622.4
200,0,59.54,0.66,58.63,0.25,7366.4,7204.86,7321.5
200,0,22.12,0.66,21.28,0.18,7346.8,7338.8,7338.8
200,0,40.1,0.66,39.22,0.22,7166.9,7103.7,7161.0
200,0,38.42,0.64,37.54,0.24,7254.8,7149.95,7252.3
200,0,7.67,0.64,6.86,0.17,7174.5,7174.1,7174.1
200,0,31.64,0.67,30.79,0.19,7289.3,7229.27,7261.6
200,0,52.13,0.65,51.26,0.21,7192.1,7074.04,7110.3
200,0,10.28,0.66,9.45,0.17,7058.4,7052.4,7052.4
200,0,56.92,0.66,56.01,0.24,7280.1,7142.36,7232.3
200,0,33.44,0.66,32.58,0.2,7220.1,7148.6,7195.5
500,0,1837.63,9.07,1828.08,0.48,17616.0,17333.89,17480.6
500,0,824.4,8.9,815.01,0.48,17527.6,17317.27,17473.9
500,0,527.33,8.83,518.06,0.44,17429.5,17419.06,17423.7
500,0,4140.99,9.06,4131.49,0.44,17592.0,17283.45,17408.4
500,0,814.16,8.87,804.74,0.55,17456.4,17326.33,17428.6
500,0,919.23,11.92,906.8,0.52,17319.8,17166.37,17268.2
500,0,4322.92,8.72,4313.72,0.48,17317.0,17047.17,17199.0
500,0,631.1,8.76,621.85,0.48,17216.6,17126.54,17166.6
500,0,795.83,8.73,786.59,0.5,17345.4,17227.36,17309.7
500,0,2282.57,8.9,2273.18,0.48,17749.3,17457.25,17618.9
50,0,0.97,0.05,0.89,0.03,2007.1,1930.02,1962.3
50,0,0.85,0.05,0.76,0.04,1963.2,1916.86,1954.5
50,0,0.48,0.05,0.4,0.03,1995.4,1917.23,1995.4
50,0,0.75,0.04,0.66,0.04,2024.8,1912.75,1994.6
50,0,0.52,0.04,0.44,0.04,1991.9,1924.61,1990.0
50,0,0.52,0.04,0.44,0.04,2011.8,1949.86,2006.6
50,0,0.89,0.04,0.8,0.05,1979.8,1913.29,1941.9
50,0,0.65,0.04,0.57,0.04,2005.7,1940.96,2005.7
50,0,0.44,0.04,0.36,0.04,2035.9,1994.26,2035.9
50,0,0.52,0.04,0.45,0.04,1983.2,1922.94,1941.2



